[0.4949272871017456, 1.2840287685394287, -3.715343952178955, -1.168526291847229, 0.6624632477760315, 0.261643648147583, 0.0662989392876625, 1.0346695184707642, 
-1.2291061878204346, 0.4599997401237488, -0.3324374556541443, 0.13828104734420776, 2.688237190246582, -0.151774600148201, -0.6040674448013306, 
-0.12387164682149887, -0.662413477897644, -0.21700476109981537, -0.47851234674453735, 0.39466041326522827, -0.3133751153945923, -0.9354853630065918, 
-0.7794189453125, -1.1334630250930786, 1.4424794912338257, 0.06742028892040253, 0.043293919414281845, 0.45096781849861145, 0.4867020547389984, 
-0.18166284263134003, 1.4340782165527344, -1.321629285812378, 0.027726974338293076, -0.12994857132434845, -0.9968366026878357, 0.242036834359169, 
-0.22566816210746765, 0.41500580310821533, -0.2518806755542755, 0.010567105375230312, -0.45085155963897705, -0.6419599652290344, -1.166269063949585, 
-1.0526254177093506, 0.8801929354667664, 0.030933963134884834, 0.5300759077072144, -0.2815861105918884, -0.25762078166007996, -0.6292296051979065, 
-0.1806805282831192, 0.06545516848564148, 0.6561270952224731, 0.13137567043304443, 1.067029356956482, 0.3113163113594055, -0.5148158073425293, 
0.9159291386604309, 1.9353028535842896, -0.31115373969078064, 0.1726243644952774, 1.7718915939331055, -1.6772325038909912, 1.7370482683181763, 
0.9510664939880371, -0.675868570804596, -0.5592520833015442, 1.5300880670547485, 0.6686012148857117, -1.0501919984817505, 0.4519174098968506, 
-0.36059561371803284, 0.8653189539909363, 0.5049527287483215, 0.4609692096710205, -0.5415861010551453, -0.37337738275527954, -0.9065873622894287, 
-0.9539774060249329, 1.5993627309799194, -0.14420349895954132, 0.3191574215888977, 0.6480636596679688, 0.46911343932151794, 1.109093189239502, 
0.47499316930770874, -0.44019946455955505, 0.04205964505672455, -0.7544176578521729, 1.846816062927246, 0.04501468315720558, 0.6907097101211548, 
0.7081255912780762, 0.39708802103996277, -1.6412442922592163, -0.42859360575675964, 0.8512899875640869, 0.6617926955223083, -0.3092024028301239, 
-0.6634144186973572, -0.5265127420425415, -0.5794177651405334, -0.276456743478775, -0.8814784288406372, 0.407123327255249, 0.8483787775039673, 
-0.3451002538204193, -0.47139251232147217, -0.11559940129518509, 0.3975882828235626, -0.10388205200433731, 0.08852357417345047, -0.5229443311691284, 
-0.021412087604403496, 0.2240683138370514, -0.49375420808792114, 1.5212117433547974, -0.7302695512771606, 0.7785583138465881, 0.47812214493751526, 
-0.1332087516784668, -0.6227896213531494, -0.3403899073600769, 1.0490281581878662, 0.045632313936948776, 0.8529406785964966, -0.5769790410995483, 
0.517050564289093, -0.0864073634147644, -0.9621707797050476, -0.3221181333065033, -0.07770610600709915, 0.10647998750209808, -0.3777465522289276, 
0.10101567208766937, 1.5514843463897705, -1.5777795314788818, -0.3143005073070526, 0.8574714660644531, 0.8157750964164734, -0.5102023482322693, 
0.28836527466773987, -0.4535677433013916, -0.65389084815979, -0.46525657176971436, -0.8621664643287659, -0.5655943155288696, -0.20754460990428925, 
-0.8015670776367188, 0.08969588577747345, 0.7659512162208557, 0.28245142102241516, -0.4948412775993347, -0.7456403970718384, 0.10683926194906235, 
-1.0320467948913574, 0.1647588014602661, 0.2377595454454422, 0.13200898468494415, 0.15528662502765656, 0.534868061542511, 0.0409681610763073, 
0.048666175454854965, 0.9220843315124512, -0.9352559447288513, -0.9545184969902039, -0.20172208547592163, -0.028211142867803574, 0.12194106727838516, 
-0.03200338035821915, -1.3204387426376343, -0.42521077394485474, 0.4511426091194153, 0.576743483543396, 0.8472681641578674, 0.2634629011154175, 
0.1545572727918625, -0.5126376152038574, 0.7660389542579651, -0.2921094596385956, 0.3236216604709625, -0.07222969830036163, 1.4103766679763794, 
1.567158579826355, 0.3406992256641388, -0.5687311887741089, 0.8528652787208557, -1.0665076971054077, -0.3088579475879669, -0.8369327187538147, 0.570235550403595,
0.019762322306632996, -0.5875778794288635, -1.0079686641693115, -0.357514351606369, -0.7921210527420044, 1.231240153312683, -0.24423100054264069, 
0.6816307306289673, -0.3001260459423065, -1.1170017719268799, 0.36967310309410095, -0.5564075708389282, 0.4247875213623047, -0.929404079914093, 
0.6422401070594788, -0.5763893723487854, 0.5163742303848267, -0.3438015878200531, 0.21951845288276672, 0.9488086700439453, 0.06302496790885925, 
0.29113829135894775, -0.13570848107337952, -0.24445153772830963, -0.6607542634010315, -0.5103524327278137, -0.2744719982147217, -0.25010737776756287, 
-0.4670923054218292, -0.0011558966943994164, -0.6407191157341003, -0.07476403564214706, 0.4283585846424103, 0.6344879269599915, -1.5420502424240112, 
-0.11513955891132355, -0.16473761200904846, -0.562995433807373, -0.42679810523986816, 0.042035602033138275, -0.8243060111999512, 0.11331608891487122, 
-0.15086938440799713, 0.36826291680336, 0.11771512031555176, 0.2487257719039917, 1.6356481313705444, 0.3247848153114319, 0.09066971391439438, 
-0.04406124725937843, 1.732405424118042, -0.3595809042453766, -0.10691899061203003, -0.08131663501262665, 0.4321522116661072, -0.03170855715870857, 
-1.2889691591262817, 0.35311466455459595, 0.555071234703064, -0.977415144443512, -0.6702893972396851, -0.6755882501602173, 0.1373485028743744, 
0.2596510052680969, -0.2977263927459717, -0.5082822442054749, 0.9588634371757507, 0.7963009476661682, 0.38690242171287537, 0.16875368356704712, 
1.1458516120910645, 1.0225639343261719, -0.7927614450454712, 0.07931177318096161, -0.7736524343490601, -0.4720829129219055, 0.13701774179935455, 
0.7105016112327576, -0.6851486563682556, -0.3974373936653137, 1.0476456880569458, -0.032818540930747986, 0.2625391483306885, 0.09729807078838348, 
-0.6502361297607422, 1.1875990629196167, -0.246968075633049, -1.5897034406661987, 0.9050843715667725, 0.1659206598997116, 0.03900858014822006, 
-0.9678317308425903, 0.05883290618658066, 0.11054570972919464, 1.4193488359451294, 1.465168833732605, -0.2791370749473572, 0.030392976477742195, 
0.25519946217536926, 0.03774947300553322, -0.9056555032730103, 0.15740583837032318, 0.21759621798992157, -0.27568310499191284, 0.8675281405448914, 
1.6810349225997925, -0.5113001465797424, 0.10740035772323608, -0.8880418539047241, -0.021979134529829025, 0.9089175462722778, 2.0291473865509033, 
0.9689121842384338, 0.7157189846038818, 0.05485781282186508, 0.5880464315414429, -0.5363730788230896, 0.7204473614692688, -0.2531021237373352, 
-1.308477759361267, -0.34275567531585693, -0.2410987764596939, 0.5205817818641663, -0.4818498492240906, 1.3511772155761719, 0.4810125529766083, 
0.5514254570007324, 0.35251641273498535, -0.27094027400016785, 1.0514737367630005, -0.6375664472579956, -0.6608421206474304, -1.2832462787628174, 
0.7778917551040649, 1.1299716234207153, -0.036974985152482986, 0.9186354875564575, -0.6711419224739075, -0.5339301824569702, 1.0299474000930786, 
0.4591689705848694, 0.06369832158088684, -1.1122187376022339, -0.8704342842102051, 0.3154153525829315, -0.35051727294921875, 0.8485358953475952, 
1.3917945623397827, 1.1753171682357788, 0.08863642811775208, -0.808889627456665, -0.45104408264160156, -0.7600194811820984, -0.07089231163263321, 
-0.32419905066490173, -1.4621220827102661, -0.8557862043380737, 0.3842149078845978, -0.15480750799179077, -0.37872105836868286, 0.9875867962837219, 
-0.3473009467124939, 0.5200119018554688, -0.23090991377830505, -0.23741087317466736, -0.3168118894100189, 0.3005734384059906, 0.13093586266040802, 
-0.22297687828540802, 0.7061871290206909, -1.1027618646621704, -1.081014633178711, -0.8246569633483887, 0.3252364695072174, 0.10457481443881989, 
1.85066556930542, 1.1924569606781006, 1.0365487337112427, -0.6836671233177185, -1.3163455724716187, 0.1093597486615181, -0.4190391004085541, 0.660947859287262, 
0.22331517934799194, 0.38670262694358826, -1.96854829788208, -0.29001253843307495, -0.8421425819396973, 0.34554505348205566, 0.18687692284584045, 
-0.2758745849132538, -0.2434827834367752, -0.24373328685760498, 0.9168494939804077, -0.9549058079719543, -1.289343237876892, -1.1804630756378174, 
-0.5395569801330566, -0.036683451384305954, -0.29446884989738464, -1.3455923795700073, -1.0276460647583008, 0.4383026957511902, 0.410540372133255, 
0.07061412185430527, 0.1758171170949936, 0.3340998589992523, 0.05355336517095566, -0.009747862815856934, 0.6326549649238586, -2.0638222694396973, 
-0.055217888206243515, 0.026361003518104553, -0.2178414762020111, 0.42251884937286377, -0.0915033295750618, -0.4572906494140625, 1.5771782398223877, 
1.0890339612960815, 0.0391785129904747, 0.7512327432632446, 0.46147724986076355, -1.3603540658950806, -0.18803517520427704, 0.07126761227846146, 
1.145748496055603, 0.42652201652526855, -0.2695615589618683, 0.6501665711402893, 0.920920193195343, 1.4770021438598633, -0.30333003401756287, 
0.11658322066068649, 0.538769006729126, 1.018100619316101, 0.9830463528633118, 0.30236148834228516, -0.017776213586330414, -1.0186173915863037, 
0.35928478837013245, 0.30871403217315674, 0.3854980766773224, 0.6293065547943115, -0.3375365734100342, 0.24253179132938385, 1.1759459972381592, 
0.04208143800497055, -1.2507221698760986, 0.5854282975196838, 0.36888206005096436, -1.9913419485092163, -0.5471910238265991, -0.15718591213226318, 
0.3640470504760742, 1.7981219291687012, 1.106987714767456, -1.463775634765625, -0.8086794018745422, 1.8087364435195923, 0.7653698921203613, 0.5461801290512085, 
0.8927955627441406, 1.011783480644226, 1.5136748552322388, -0.6442088484764099, -0.4632539451122284, -0.8094006180763245, 0.28966978192329407, 
0.43191853165626526, 0.6046441197395325, 0.2998420000076294, -1.4310964345932007, 0.4399862587451935, 0.5530415177345276, -0.2978237569332123, 
0.1255294531583786, 0.2509757876396179, 0.43958327174186707, 0.7389906048774719, -0.2915109694004059, 0.23531696200370789, 0.26567861437797546, 
0.8477178812026978, -1.1036670207977295, 0.22481289505958557, -0.05736435577273369, -1.0815956592559814, 0.40501901507377625, 0.9642753601074219, 
-0.044183213263750076, -0.9519378542900085, -0.6389726400375366, -0.7391529679298401, -0.8933480381965637, 1.246077537536621, -0.038052819669246674, 
-0.8589766025543213, 0.9377231001853943, -0.47769659757614136, 0.9179473519325256, 0.5873937010765076, 0.6505022644996643, -0.7214964032173157, 
-0.5088692307472229, -0.5966863036155701, 0.058919936418533325, 0.5917431116104126, 0.39007219672203064, -0.1775057166814804, 0.37051987648010254, 
0.19502529501914978, 0.23149073123931885, 0.2155827432870865, 0.5030152201652527, -1.0186285972595215, 0.5359285473823547, -1.5377484560012817, 
-0.6869059205055237, 0.14532935619354248, -1.2675424814224243, 0.3553951382637024, 0.5247317552566528, 0.7545653581619263, -0.7440794110298157, 
-1.1711082458496094, 0.8859464526176453, -0.14510729908943176, -0.8752816319465637, -0.34161123633384705, 0.618065357208252, -0.6948559880256653, 
-1.0464715957641602, 0.29186686873435974, -1.0311741828918457, 0.39992767572402954, 0.05634160712361336, -0.9769691824913025, 0.12489379197359085, 
-0.2539079487323761, 0.15611295402050018, -0.4044715166091919, -0.7348105311393738, -0.19495610892772675, -0.38530921936035156, -0.3869651257991791, 
-0.6369971632957458, 1.2122122049331665, 0.2428540289402008, -0.04091500863432884, 0.11846476048231125, 0.38966283202171326, 0.4122900664806366, 
-0.4157102406024933, 0.7979593873023987, -1.2720264196395874, -0.37121012806892395, 0.7764250636100769, -0.8616359829902649, -1.4371315240859985, 
0.19454997777938843, -1.1952875852584839, 0.9005504846572876, -1.177939534187317, 0.5915008783340454, -0.1133284792304039, -0.9450081586837769, 
-0.7331017255783081, -0.12223203480243683, -0.11315033584833145, -0.2778829038143158, 0.04673835635185242, 0.16477976739406586, 0.1697843372821808, 
-0.21009303629398346, -0.14239677786827087, 0.20261834561824799, 0.14670325815677643, 0.480473130941391, 0.6466156244277954, -0.4122695028781891, 
-1.7517892122268677, -0.0342293381690979, -0.6491059064865112, -0.7215874791145325, -0.37795981764793396, 0.9525837898254395, -1.5805702209472656, 
-1.8040127754211426, 0.04564965143799782, 0.4326384961605072, -1.1335148811340332, -0.4325946271419525, -0.07881829887628555, -0.5891222357749939, 
0.525067150592804, -0.9632595181465149, -0.6000948548316956, 0.4408192038536072, -0.5267972350120544, -0.16839618980884552, 0.19263724982738495, 
0.018425151705741882, 0.44304022192955017, 0.4263055920600891, 0.044079411774873734, -0.5647786259651184, -0.8949233293533325, -0.5768824815750122, 
-0.237299382686615, 0.12122320383787155, 0.419555127620697, 1.0226322412490845, -1.1742769479751587, -0.5130887627601624, 2.2386391162872314, 
-0.17803552746772766, 0.9029499292373657, -0.5494161248207092, -0.919258177280426, 1.2429016828536987, 0.2651526927947998, -0.46626409888267517, 
-0.16759426891803741, 1.0861995220184326, -0.12257278710603714, 1.3082419633865356, -0.248418390750885, 0.05127871036529541, -0.46418705582618713, 
-0.13792462646961212, -1.5836951732635498, 1.3350670337677002, 0.4474155604839325, 1.0589056015014648, -0.011982811614871025, -0.7615797519683838, 
-0.3750585615634918, 0.3421528935432434, 1.5174739360809326, -1.0150444507598877, -0.012489795684814453, -0.8183704018592834, -0.12481606751680374, 
-1.1112265586853027, 0.4158525764942169, -0.7104339599609375, 0.614176869392395, 0.258967787027359, 1.9204397201538086, -0.48599833250045776, 
-0.7552353143692017, -0.08631850779056549, 0.15620057284832, 0.6700387001037598, -0.8075987696647644, 0.6592702269554138, 0.7050137519836426, 
-0.020784763619303703, -0.5625964999198914, 2.1824254989624023, 1.8124409914016724, 0.20877738296985626, 0.43506869673728943, 0.44325926899909973, 
-0.5740727186203003, 0.5301972031593323, -0.9920883774757385, -0.9550972580909729, -1.1241817474365234, -1.765018343925476, -0.4246898591518402, 
0.169110968708992, -0.05113295465707779, 1.2100250720977783, -0.5983049273490906, -0.327759325504303, 0.19902238249778748, -1.3444257974624634, 
-0.9637044668197632, 0.6286345720291138, 0.23340833187103271, 0.4267086088657379, 0.9282829165458679, 0.12644724547863007, 0.14578373730182648, 
0.24576981365680695, 1.2295359373092651, -0.33663350343704224, -0.26964303851127625, -0.3289071023464203, 1.353287935256958, 0.5486384630203247, 
-0.6485806107521057, -0.1606907993555069, -0.08586547523736954, 0.3326351046562195, 0.03668831288814545, 0.2672526240348816, -0.9682159423828125, 
-0.5132399797439575, -0.512697696685791, 0.10363902896642685, -0.3076285421848297, 0.7222086787223816, 1.241803765296936, 0.17535436153411865, 
0.1276922971010208, -0.15740208327770233, 1.3330553770065308, 0.16702234745025635, 1.1345654726028442, 0.07169602066278458, 0.7816271781921387, 
-1.1379343271255493, 0.5804945230484009, 0.4423940181732178, -0.46562060713768005, -0.3604874014854431, -0.046114470809698105, -0.7589094042778015, 
1.299481749534607, 0.037433210760354996, 1.3002244234085083, 0.3532719910144806, 0.26472291350364685, -0.5482192635536194, -1.5085487365722656, 
-0.41528281569480896, 0.9207445979118347, 0.8509246110916138, -0.36999568343162537, -1.0059491395950317, -0.3556652069091797, -0.5607398748397827, 
-0.43682172894477844, -0.1215771809220314, -0.40856310725212097, 1.1589210033416748, 0.4728071093559265, 0.024155160412192345, 0.14875289797782898, 
0.06411905586719513, 1.4116888046264648, -0.6737853288650513, 0.9065366983413696, -0.3642345368862152, -0.48121222853660583, -0.9271835088729858, 
0.21050338447093964, -0.6429407000541687, 0.5062261819839478, 1.1699622869491577, -0.5538173317909241, -0.36825326085090637, -0.8239188194274902, 
-0.5990410447120667, 0.5845423340797424, -0.04934994503855705, -1.1298818588256836, 0.43626469373703003, -0.516745388507843, -0.516503095626831, 
-0.128226637840271, -0.06120182201266289, 0.5188185572624207, 0.10208535194396973, 0.963839054107666, 1.4863687753677368, 0.7391501069068909, 
0.17804889380931854, 0.060331080108881, 1.1126030683517456, 0.768558144569397, -0.6778730154037476, -0.24182792007923126, -0.7446776628494263, 
-0.22819197177886963]